2457 21
853 2
72 2
370 3
698 2
717 3
313 1
508 1
198 2
57 1
790 1
37 1
308 1
140 1
902 1
488 1
874 1
69 2
214 2
893 1
80 2
688 2
387 3
391 3
820 2
463 1
142 2
110 1
913 1
833 2
771 3
703 3
34 1
717 1
672 1
806 3
938 1
946 1
860 3
792 1
958 3
774 3
529 3
277 1
989 1
807 1
884 1
226 2
449 3
671 1
634 2
185 2
244 1
170 3
893 2
463 2
571 1
130 2
936 1
963 1
358 1
740 1
388 3
709 3
71 3
943 3
993 3
740 3
706 3
27 3
528 1
52 3
497 2
432 3
220 3
134 1
412 2
964 1
583 3
867 1
90 3
19 3
883 2
156 3
713 1
736 3
955 1
504 1
301 3
364 3
115 3
541 1
789 1
851 3
426 2
566 3
595 1
459 1
447 1
727 3
248 3
50 3
561 2
622 3
239 2
658 2
409 1
595 3
572 1
942 1
347 1
90 1
487 3
454 3
817 2
843 2
992 2
629 2
755 3
669 2
224 1
560 1
203 3
195 1
832 1
951 1
282 2
192 3
442 3
658 3
525 2
530 3
187 3
232 3
201 3
501 1
766 3
749 1
524 3
508 2
787 1
249 2
86 1
665 1
409 2
233 2
616 1
494 1
89 2
545 3
403 1
167 1
741 1
78 3
957 2
635 3
395 2
251 1
240 3
729 1
946 3
979 3
110 2
284 3
921 3
359 1
381 3
611 2
597 3
500 1
838 1
654 1
651 3
234 1
783 2
141 2
715 2
138 2
691 1
386 3
770 2
952 3
318 3
700 2
343 2
609 1
8 1
649 3
337 1
969 3
362 3
407 2
193 3
508 3
557 1
556 1
975 1
991 1
76 3
534 2
454 2
532 2
631 3
256 1
614 1
636 2
257 3
9 1
711 1
668 2
646 2
763 3
417 3
240 2
46 3
54 1
653 3
79 1
369 1
694 2
225 2
18 1
579 3
739 1
750 1
223 3
959 1
98 3
357 1
137 2
953 1
205 3
696 2
785 1
260 1
118 2
701 3
448 1
824 3
222 1
692 1
453 2
352 2
267 1
825 2
474 2
679 3
443 2
54 2
601 3
839 1
738 2
389 2
821 3
748 3
914 2
766 2
716 2
109 2
495 3
239 3
905 2
114 1
41 1
306 2
445 3
306 1
957 1
367 3
316 2
178 3
925 3
419 3
950 3
268 3
439 3
273 3
390 3
236 1
670 1
478 1
543 1
752 2
563 1
737 3
147 1
925 2
425 1
55 2
264 3
90 2
547 2
42 2
227 1
523 1
413 3
500 2
258 3
769 2
94 1
121 2
46 2
69 1
154 1
530 1
62 2
221 1
299 1
208 3
135 3
266 1
543 3
446 1
452 3
803 3
429 2
145 3
848 2
268 2
180 1
680 1
978 1
916 3
159 2
765 1
174 2
875 2
86 2
361 3
707 3
368 2
568 2
194 1
625 1
44 3
190 2
149 1
314 2
116 3
999 2
150 2
518 2
783 3
624 3
793 3
927 2
322 1
699 2
524 2
194 2
554 3
231 1
93 2
690 1
647 3
937 3
228 2
522 2
334 1
430 1
592 2
611 1
846 1
980 1
608 3
814 3
939 3
225 1
338 3
406 2
219 1
756 3
290 1
802 1
494 3
149 3
892 3
794 2
164 1
951 3
780 2
272 2
690 3
32 1
720 3
802 2
225 3
636 3
610 3
212 1
364 2
68 3
427 2
451 1
88 3
747 2
379 1
203 1
214 1
398 3
867 2
1 3
904 1
164 3
919 1
101 2
551 2
738 1
812 3
527 3
329 1
123 1
947 2
559 1
923 2
253 2
614 3
490 3
502 2
749 3
632 3
791 3
610 2
476 1
773 3
280 3
465 3
420 1
424 3
872 2
976 1
507 1
613 1
154 3
145 2
99 3
509 3
454 1
13 3
751 1
421 3
514 3
675 2
929 1
374 3
160 3
64 1
886 2
375 2
815 3
36 1
66 2
177 2
669 3
955 2
100 2
243 3
479 3
461 2
984 1
638 3
507 2
888 1
889 1
792 2
871 3
837 2
148 2
653 1
489 2
427 1
972 1
719 1
496 2
801 2
165 1
322 3
246 1
644 3
810 3
685 2
687 1
219 2
461 3
155 1
97 3
672 3
939 1
565 1
561 1
465 1
105 1
361 1
320 1
178 2
509 2
552 2
842 3
662 3
269 1
400 2
840 2
236 3
670 3
468 1
259 1
452 1
788 3
207 3
543 2
658 1
345 1
851 2
385 1
8 2
687 2
290 2
977 3
366 1
233 1
941 3
1 1
567 2
404 3
125 1
963 3
836 2
195 3
802 3
920 2
493 2
155 2
519 3
15 1
869 1
964 2
212 2
174 3
31 1
529 2
504 3
894 3
78 2
719 3
651 1
376 1
882 2
393 1
603 2
363 2
486 1
117 2
633 3
95 3
140 3
633 1
72 1
346 2
725 2
730 1
328 2
811 2
632 1
281 1
489 3
535 2
754 1
410 3
952 1
715 3
399 2
998 1
781 1
577 2
676 3
686 3
497 1
444 3
449 2
382 1
407 3
887 2
855 3
674 2
44 1
498 2
460 1
849 3
102 2
984 3
258 2
305 3
691 3
739 3
252 3
444 1
61 1
92 2
14 3
846 2
714 2
248 1
60 2
749 2
22 1
393 3
648 3
663 2
723 3
469 3
384 3
748 2
961 3
733 2
216 2
241 2
359 2
798 3
868 2
39 1
117 1
307 3
49 3
712 2
392 1
601 2
51 1
885 3
594 3
469 2
455 2
76 1
590 2
907 1
618 2
372 3
223 1
32 2
175 3
458 2
686 1
902 2
73 2
471 1
371 3
234 3
707 1
523 3
540 3
860 1
21 1
226 1
933 1
829 2
996 1
585 2
431 3
185 3
933 2
269 3
722 3
837 1
326 1
217 3
857 1
492 2
238 3
43 1
897 2
894 2
678 1
338 2
669 1
485 3
609 2
245 2
319 2
921 1
481 3
492 1
844 3
466 2
992 1
217 2
762 1
649 2
907 2
738 3
311 3
689 2
161 1
987 3
468 3
52 2
619 2
791 1
70 1
166 2
559 3
656 2
641 2
323 1
552 1
615 2
979 2
192 1
958 1
944 2
784 1
852 1
698 3
156 1
332 3
87 3
775 2
640 2
932 3
971 1
353 3
880 2
23 3
779 2
570 2
123 2
537 3
777 2
726 1
988 2
405 1
228 1
815 2
934 2
350 2
162 3
331 3
982 2
866 1
618 3
889 2
663 1
915 2
372 1
355 3
910 3
824 2
359 3
898 1
211 2
887 1
384 2
825 1
929 3
307 2
546 2
640 1
348 3
58 1
731 1
885 1
208 2
428 3
530 2
960 2
713 2
130 3
829 3
412 3
617 1
515 1
797 2
495 2
797 3
981 1
435 3
996 2
624 2
489 1
953 3
771 2
209 2
572 2
249 1
320 3
272 1
608 2
408 1
275 2
151 2
565 3
736 1
646 3
716 3
804 1
688 3
932 1
650 3
882 1
565 2
264 2
213 2
773 1
255 1
171 1
403 3
667 2
820 3
84 3
402 2
563 2
985 1
858 2
480 1
640 3
905 1
804 3
641 3
102 3
931 1
67 3
430 3
901 2
281 3
742 1
189 1
455 3
726 2
499 1
494 2
297 3
603 1
129 3
881 2
293 1
283 2
321 1
304 2
394 3
334 3
846 3
926 2
790 2
262 2
321 3
954 2
301 2
865 2
886 1
335 3
501 2
482 1
426 3
481 2
796 3
650 2
308 3
722 1
367 2
294 2
133 1
798 2
28 2
591 2
652 3
845 1
935 3
126 3
814 1
903 2
870 2
63 3
48 3
431 2
84 1
439 1
95 1
560 3
379 3
164 2
429 1
371 1
890 3
839 3
725 3
752 3
237 2
392 2
392 3
493 3
589 3
888 2
335 2
124 1
197 1
987 2
743 2
778 1
886 3
32 3
832 3
940 1
675 1
956 2
404 1
773 2
796 1
538 3
779 3
473 3
136 2
656 1
938 3
41 3
562 1
2 1
384 1
341 2
213 3
919 2
983 2
388 1
587 1
50 1
442 1
895 3
554 1
822 1
650 1
161 3
899 3
678 2
564 3
616 3
872 1
808 2
11 1
817 3
583 1
952 2
759 1
120 2
289 3
546 1
77 3
77 2
230 3
643 3
601 1
173 3
1000 1
302 2
137 3
550 1
480 3
15 3
861 1
38 3
943 2
218 2
808 3
375 1
191 2
259 2
827 1
826 3
866 3
639 1
464 1
834 1
438 1
534 3
358 2
313 2
347 3
172 2
626 1
684 3
81 1
237 1
363 3
633 2
466 3
536 1
414 1
977 2
12 1
470 2
280 1
854 3
317 3
581 3
573 3
218 1
756 1
954 1
742 3
575 1
59 3
460 2
324 2
550 2
416 2
445 2
831 2
968 3
904 3
455 1
183 3
857 3
404 2
329 2
453 1
692 2
825 3
31 2
924 2
174 1
937 1
496 3
336 2
8 3
200 1
238 2
18 3
972 2
912 2
916 2
551 3
83 2
540 2
979 1
694 1
644 1
585 1
971 2
422 1
539 2
420 3
95 2
412 1
762 3
620 1
389 1
581 1
60 1
358 3
677 2
528 3
300 3
540 1
915 1
768 3
173 2
484 2
862 2
169 3
947 3
812 2
514 1
143 2
312 3
200 3
457 1
636 1
730 3
883 3
146 3
491 1
599 2
393 2
518 1
131 3
112 2
924 3
895 1
126 1
242 1
613 2
767 1
116 2
780 1
477 1
82 3
787 2
47 1
586 2
424 1
79 2
295 1
584 2
830 3
527 2
974 3
472 3
768 2
60 3
781 3
520 3
56 2
553 1
170 1
988 3
451 3
750 3
733 3
316 3
619 1
737 2
920 1
150 3
208 1
683 2
297 2
645 1
972 3
400 1
403 2
890 1
755 1
653 2
607 1
573 1
475 2
810 1
375 3
654 2
94 3
925 1
20 2
517 3
676 2
641 1
515 2
481 1
421 2
144 1
896 3
666 3
506 1
778 2
448 2
861 2
98 1
418 3
869 2
797 1
141 1
187 2
92 3
643 1
44 2
157 3
764 1
528 2
307 1
24 3
622 2
123 3
206 2
696 1
209 3
679 1
712 1
683 1
557 2
575 3
25 3
804 2
622 1
824 1
206 3
23 1
495 1
907 3
744 2
16 2
261 2
589 2
710 2
914 1
113 3
871 1
162 2
956 3
721 3
315 3
522 1
329 3
639 2
287 2
598 2
855 2
994 1
368 1
142 1
873 1
661 2
889 3
539 3
727 1
295 3
369 2
337 3
862 3
849 1
145 1
485 2
629 1
328 3
180 2
85 2
417 2
257 1
65 2
6 3
26 1
122 1
512 1
769 1
29 1
207 1
201 2
390 2
311 2
345 3
835 3
516 1
25 1
113 2
558 1
190 3
955 3
881 1
531 2
570 3
887 3
303 3
196 2
128 3
204 1
697 2
239 1
884 2
856 2
74 2
186 1
856 3
555 1
264 1
75 2
373 2
400 3
657 3
968 2
119 2
491 2
244 3
684 1
483 1
196 1
892 1
602 3
986 3
796 2
20 3
273 1
391 2
900 2
521 2
36 2
639 3
292 3
313 3
53 2
950 2
108 3
610 1
506 2
564 2
805 1
11 2
46 1
757 1
45 2
698 1
292 2
673 3
675 3
774 2
588 3
544 1
132 3
312 2
468 2
782 3
924 1
878 2
794 1
40 2
944 3
996 3
190 1
314 1
305 1
56 3
351 2
18 2
588 1
146 2
302 1
848 3
103 2
995 1
209 1
852 3
381 2
775 3
574 2
739 2
248 2
13 1
569 2
746 3
261 3
520 2
684 2
936 3
40 3
58 3
611 3
719 2
758 3
394 2
659 1
242 2
302 3
436 2
729 3
788 1
672 2
623 1
235 3
351 3
194 3
309 3
423 1
111 3
67 1
2 2
117 3
645 2
502 3
833 3
73 3
417 1
374 2
578 1
556 2
230 1
440 3
444 2
305 2
168 3
795 2
927 3
973 3
398 2
911 2
17 3
854 1
296 1
66 1
708 1
607 3
327 2
992 3
545 2
276 3
635 2
244 2
354 1
696 3
865 3
131 2
360 1
948 2
81 2
525 3
401 2
612 1
660 2
758 2
387 2
98 2
634 3
948 1
891 2
348 1
568 3
310 3
278 3
1000 2
724 2
82 2
705 2
129 2
345 2
505 3
928 1
336 1
512 2
9 2
686 2
35 1
799 2
333 2
568 1
801 1
990 2
473 2
36 3
382 2
503 1
998 3
169 1
943 1
767 3
549 3
181 3
763 2
33 2
722 2
863 2
138 1
6 2
380 2
435 2
101 3
910 2
122 3
898 2
807 2
965 2
204 3
381 1
776 1
396 3
910 1
584 1
203 2
45 1
451 2
193 2
726 3
138 3
260 3
616 2
191 3
835 2
81 3
786 3
245 1
809 1
16 1
800 2
9 3
380 1
593 2
437 1
647 1
868 3
805 3
929 2
118 1
422 2
288 1
85 1
51 3
702 1
830 2
159 3
265 2
873 2
553 3
908 3
732 1
861 3
741 3
229 1
504 2
135 1
83 1
7 1
383 2
235 2
415 2
440 2
991 3
263 2
655 3
10 3
378 3
954 3
927 1
876 1
662 2
516 3
252 2
829 1
710 1
988 1
59 1
371 2
377 1
405 2
816 3
188 1
399 1
279 3
607 2
247 2
724 1
326 3
354 3
744 1
184 1
330 2
139 1
743 3
617 3
697 3
678 3
27 1
813 2
756 2
189 3
33 1
17 2
23 2
982 1
997 3
175 2
511 2
65 1
973 1
657 1
254 3
594 2
864 1
195 2
210 1
134 2
840 3
202 2
49 2
330 3
556 3
709 1
821 1
677 1
521 3
180 3
53 1
682 2
879 3
687 3
983 3
978 2
695 2
27 2
902 3
692 3
479 1
279 1
68 2
254 1
754 2
510 2
290 3
26 2
693 3
334 2
333 3
127 2
474 3
991 2
811 3
137 1
818 3
48 2
619 3
352 1
368 3
901 3
843 3
525 1
586 3
4 3
163 1
29 2
512 3
901 1
91 1
638 1
69 3
406 1
429 3
445 1
169 2
56 1
685 3
262 1
496 1
964 3
294 1
942 3
437 2
931 3
298 2
866 2
805 2
718 1
19 2
270 3
292 1
43 2
26 3
34 2
473 1
590 3
91 3
463 3
411 3
593 3
670 2
179 3
284 2
57 2
638 2
588 2
74 1
158 2
771 1
352 3
855 1
418 1
994 3
179 2
310 1
860 2
336 3
498 3
35 2
341 1
600 1
295 2
365 1
192 2
51 2
80 3
931 2
823 2
485 1
769 3
99 2
614 2
755 2
806 2
977 1
513 2
12 3
487 2
500 3
486 2
63 2
14 1
563 3
999 1
234 2
580 2
490 1
541 3
202 1
25 2
877 3
158 1
432 2
896 1
803 2
515 3
35 3
730 2
83 3
112 1
268 1
42 1
121 1
331 2
746 1
304 3
311 1
193 1
522 3
459 2
408 2
863 1
78 1
570 1
448 3
634 1
721 2
96 3
287 3
961 2
447 2
701 1
974 1
250 1
282 1
841 3
55 1
148 3
247 1
815 1
294 3
882 3
787 3
917 2
917 1
114 3
230 2
186 2
171 3
58 2
753 1
156 2
569 1
827 3
928 2
851 1
84 2
286 3
630 2
321 2
214 3
151 1
228 3
576 1
582 2
532 1
649 1
48 1
613 3
338 1
19 1
318 2
655 2
538 1
885 2
67 2
704 1
157 1
812 1
968 1
285 2
899 2
236 2
893 3
660 1
49 1
116 1
487 1
87 1
918 2
66 3
921 2
884 3
803 1
267 3
415 1
466 1
70 3
848 1
168 1
182 2
592 3
319 1
231 2
830 1
989 2
224 2
257 2
47 3
351 1
911 3
6 1
809 2
189 2
906 3
789 2
434 3
252 1
867 3
91 2
274 2
127 3
387 1
210 2
517 2
615 3
327 1
841 2
905 3
198 3
89 3
967 3
277 3
298 1
93 1
657 2
560 2
411 2
631 2
251 3
877 2
533 1
596 3
542 1
301 1
542 2
348 2
237 3
346 1
609 3
402 1
385 3
566 1
533 3
747 3
325 2
291 1
958 2
105 3
604 3
437 3
990 3
620 2
876 3
911 1
328 1
799 1
930 1
129 1
204 2
823 1
875 3
949 1
20 1
395 1
72 3
303 1
310 2
973 2
550 3
913 3
816 1
853 1
131 1
870 3
628 2
965 1
205 1
282 3
572 3
615 1
700 3
411 1
631 1
757 3
664 1
819 3
673 1
421 1
878 3
874 3
5 3
104 2
350 3
682 1
579 1
221 3
109 3
144 2
819 1
14 2
456 1
624 1
942 2
710 3
970 1
104 1
962 1
995 2
956 1
5 2
765 2
457 3
681 3
270 1
753 3
647 2
547 1
751 3
220 1
535 1
606 2
712 3
309 1
792 3
949 2
121 3
410 2
539 1
13 2
948 3
790 3
278 1
482 3
291 3
922 2
340 3
587 2
953 2
243 2
37 3
984 2
304 1
70 2
760 1
553 2
752 1
333 1
183 2
462 3
499 3
818 1
263 1
467 3
982 3
30 3
319 3
959 2
833 1
111 2
760 3
107 1
930 3
438 3
674 1
566 2
766 1
682 3
723 1
15 2
105 2
909 2
212 3
360 2
822 2
407 1
839 2
71 1
600 2
591 1
785 2
579 2
120 3
41 2
523 2
526 1
779 1
97 2
831 1
275 3
950 1
315 2
534 1
457 2
630 3
920 3
341 3
926 3
648 1
331 1
265 1
396 2
836 1
106 2
856 1
625 3
476 3
30 1
92 1
24 1
951 2
372 2
509 1
199 2
428 2
77 1
165 3
683 3
435 1
141 3
571 3
807 3
808 1
28 1
665 3
107 2
126 2
547 3
39 2
370 2
520 1
854 2
596 1
211 1
330 1
280 2
870 1
880 3
11 3
397 2
835 1
220 2
38 1
627 3
176 1
149 2
47 2
836 3
37 2
143 3
904 2
603 3
576 3
975 2
724 3
31 3
667 3
554 2
859 2
3 2
172 1
976 2
343 1
548 2
793 2
265 3
467 2
378 1
176 2
834 2
820 1
864 3
626 2
413 2
314 3
308 2
605 3
511 1
832 2
101 1
147 3
583 2
349 3
628 1
782 2
922 3
357 2
567 3
476 2
427 3
524 1
182 1
315 1
397 3
900 1
80 1
891 1
323 2
759 2
181 2
751 2
443 3
828 3
967 2
716 1
748 1
223 2
961 1
794 3
618 1
527 1
659 3
439 2
847 3
325 1
959 3
385 2
623 2
128 1
555 3
552 3
477 3
664 2
637 1
770 3
621 1
940 3
406 3
517 1
205 2
355 2
681 1
443 1
934 3
120 1
226 3
725 1
33 3
745 2
709 2
57 3
300 2
546 3
246 2
608 1
764 3
810 2
679 2
420 2
691 2
606 1
238 1
561 3
598 1
317 1
284 1
144 3
981 3
366 3
38 2
516 2
586 1
628 3
674 3
54 3
708 2
858 3
922 1
785 3
580 1
878 1
182 3
369 3
283 3
115 2
776 2
671 3
5 1
497 3
899 1
676 1
711 2
389 3
731 3
720 2
289 1
86 3
643 2
531 3
714 1
133 3
993 2
94 2
587 3
962 3
30 2
17 1
452 2
229 3
114 2
747 1
965 3
757 2
960 3
661 3
231 3
935 2
478 2
166 1
705 3
746 2
162 1
732 3
933 3
642 1
235 1
971 3
795 3
735 2
281 2
287 1
344 3
390 1
262 3
207 2
446 2
63 1
629 3
217 1
728 2
96 2
800 3
934 1
428 1
215 1
503 2
685 1
139 2
157 2
881 3
355 1
166 3
3 3
800 1
702 2
926 1
132 1
537 2
167 2
582 3
296 2
340 1
743 1
273 2
88 1
227 2
470 3
155 3
868 1
574 1
760 2
745 1
132 2
286 2
184 2
254 2
761 2
492 3
197 3
322 2
718 3
470 1
826 2
940 2
291 2
662 1
45 3
366 2
999 3
386 1
414 2
980 2
697 1
621 3
342 3
179 1
491 3
939 2
575 2
474 1
571 2
532 3
666 1
548 1
79 3
859 3
595 2
419 2
733 1
183 1
383 1
784 2
847 2
688 1
666 2
744 3
464 3
88 2
789 3
745 3
569 3
668 3
908 2
981 2
276 2
718 2
440 1
578 2
894 1
353 1
240 1
711 3
980 3
704 3
875 1
232 2
673 2
55 3
827 2
957 3
788 2
531 1
535 3
377 3
108 2
296 3
637 2
513 1
680 2
324 3
707 2
549 2
580 3
50 2
477 2
222 2
577 1
654 3
441 1
605 1
594 1
993 1
462 2
409 3
415 3
59 2
288 3
510 3
990 1
740 2
823 3
510 1
806 1
831 3
450 2
354 2
737 1
544 2
10 1
467 1
632 2
883 1
199 3
119 1
896 2
936 2
124 2
701 2
256 2
377 2
847 1
110 3
241 3
188 2
128 2
324 1
148 1
987 1
119 3
450 3
275 1
903 3
253 3
107 3
652 1
227 3
989 3
342 2
593 1
462 1
251 2
963 2
102 1
612 2
786 2
591 3
353 2
642 2
285 1
741 2
625 2
201 1
224 3
974 2
229 2
584 3
382 3
436 1
555 2
441 3
197 2
106 3
626 3
464 2
277 2
488 2
574 3
850 3
900 3
43 3
667 1
365 3
188 3
459 3
998 2
274 3
975 3
28 3
3 1
258 1
461 1
962 2
99 1
970 2
813 3
39 3
918 3
863 3
503 3
772 3
388 2
850 1
677 3
243 1
770 1
484 1
777 1
472 2
876 2
365 2
960 1
562 2
170 2
221 2
505 1
